I Guntis 1 2007237709 
L 2007237709
I Jack 28 1474833169 1060806853 158374933 1962408013 1654001669 1723153177 1815859901 272112289 1358796011 1517273377 1049997439 462851407 1561939997 1461495731 1189515557 347221711 1780776563 222902971 118710299 476026939 501848671 791481169 1978084747 209234791 1264627439 324735799 1185044669 1525679891 
D 594094840
D 1300383335
D 601518184
D 1510474417
L 1474833169
L 1060806853
L 158374933
L 1962408013
L 1654001669
L 1723153177
L 1815859901
L 272112289
L 1358796011
L 1517273377
L 1049997439
L 462851407
L 1561939997
L 1461495731
L 1189515557
I Sue 24 1681484711 1763464891 598994537 1746004787 1521681079 2003266087 945468509 929596849 820241969 1150957463 1233398521 1836275591 1244171023 2144768489 424166537 1834458877 129412463 1407044999 1404181687 1807468129 415825199 1057007323 229803083 85176241 
I Sue 28 1020020789 1843638691 982723801 1860019397 1748533999 1549592533 382578173 1111284571 688964891 234254369 1175535203 713635183 647229181 359242577 521861729 805392551 1643274097 1868047859 414780911 1897440709 1510074329 464383697 646861459 1044718387 430360979 194874527 1087464377 2058805631 
L 1020020789
L 1843638691
L 982723801
L 1860019397
L 1748533999
L 1549592533
L 382578173
L 1111284571
L 688964891
L 234254369
L 1175535203
L 713635183
L 647229181
L 359242577
L 521861729
I Arnicans 45 1656677597 1360521649 1610836121 279554417 1637930417 1800622739 726820849 2087332553 1233313723 591304913 349037107 1383594059 1814652263 591811579 1015178123 473341289 377499827 1946828231 52274687 512090639 1149492287 2054221501 1272980039 1620827491 642607621 28222903 1374590687 1159819487 950951357 786651959 1653099359 1484148409 1755482411 1321577143 1080565049 1940494307 1726100569 1438868377 815530879 579189829 2047567799 1252027081 713912911 438285377 957281539 
D 580563906
D 1519242179
D 322621981
D 2058791997
D 1860455473
L 1656677597
L 1360521649
L 1610836121
L 279554417
L 1637930417
L 1800622739
L 726820849
L 2087332553
L 1233313723
L 591304913
L 349037107
L 1383594059
L 1814652263
L 591811579
L 1015178123
L 473341289
L 377499827
L 1946828231
L 52274687
L 512090639
L 1149492287
L 2054221501
L 1272980039
I Bob 43 1484404193 42146443 2134480723 2101995239 422967959 651615343 714569899 1047738469 428559331 136524079 1219234987 1375992679 943010069 856710119 931873583 2067909127 758973661 1543812973 1571061353 40837987 716022311 859601269 817012481 518329249 2057507831 1752431623 313884881 914182961 999202769 1958994547 1675234217 619397011 135926137 1611845731 350895719 1671419479 1567669249 1185581113 1864530827 1293516947 2117091517 1445335459 381796937 
I Jack 44 1123174441 1174272277 445131067 187820141 901131311 1608753833 1683898861 1748656661 1022863823 1784959963 1939779181 388443323 767863933 1246337957 1312093973 1028919431 1510551173 1604218471 799358167 2016602383 1449334127 1352626601 1750818431 1642231307 1100685463 1120385713 1561022717 1560340997 1375946777 447681749 512326271 266125877 2002804933 1483825853 1158554167 119116429 795238793 873498281 1751393551 463917257 1820044081 610083139 1529971771 965568553 
L 1123174441
L 1174272277
L 445131067
L 187820141
L 901131311
L 1608753833
L 1683898861
L 1748656661
L 1022863823
L 1784959963
L 1939779181
L 388443323
L 767863933
L 1246337957
L 1312093973
L 1028919431
L 1510551173
L 1604218471
L 799358167
L 2016602383
L 1449334127
L 1352626601
L 1750818431
I Jack 12 846410231 1029784967 311309041 2076255331 1009134491 914082529 1769385643 122616269 2046146353 680230891 93344521 966885181 
D 208617190
D 1535682784
D 1761963400
D 1666737675
D 1083294615
L 846410231
L 1029784967
L 311309041
L 2076255331
L 1009134491
L 914082529
L 1769385643
I Jack 7 1536352313 129953063 504304051 2060845399 1638134947 738000707 1992294869 
I Sue 12 1004098019 502269373 1700278199 380405989 84439483 1009792279 624224911 1829520337 37731119 2111187893 224451413 1878482687 
L 1004098019
L 502269373
L 1700278199
L 380405989
L 84439483
L 1009792279
L 624224911
I Guntis 7 169408037 165216817 653477233 937270417 1787210807 449361053 321793567 
D 89936132
L 169408037
L 165216817
L 653477233
L 937270417
I Guntis 5 1519554667 1779724943 680122229 100795843 1544943241 